2015-04-06 15:19:57,Au2B,36,11,2,30,24,0,1,0,36,0,0,0,0,0,0,0,0,0,0,0,0,0,0
2015-04-06 15:21:29,Au2B,40,11,2,30,24,0,2,0,40,0,0,0,0,0,0,0,0,0,0,0,0,0,0
2015-04-06 15:22:56,Au2B,50,11,2,30,24,0,3,0,50,0,0,0,0,0,0,0,0,0,0,0,0,0,0
2015-04-06 15:24:32,Au2B,37,11,2,30,24,0,4,0,37,0,0,0,0,0,0,0,0,0,0,0,0,0,0
2015-04-06 15:25:37,Au1B,33,11,1,30,21,0,5,0,33,0,0,0,0,0,0,0,0,0,0,0,0,0,0
2015-04-06 15:26:42,Au1B,0,11,1,30,21,0,6,0,0,0,0,0,0,0,0,0,0,0,0,0,0,0,0
2015-04-06 15:31:59,Au1B,37,11,1,30,21,0,7,0,37,0,0,0,0,0,0,0,0,0,0,0,0,0,0
2015-04-06 17:57:39,D2B,57,2,2,30,24,0,1,55,60,0,0,0,0,0,0,0,0,0,0,0,0,0,0
2015-04-06 17:58:54,D2B,63,2,2,30,24,0,2,50,80,0,0,0,0,0,0,0,0,0,0,0,0,0,0
2015-04-06 18:00:08,D2B,81,2,2,30,24,0,3,100,50,0,0,0,0,0,0,0,0,0,0,0,0,0,0
2015-04-06 18:01:40,D3B,33,2,3,30,29,0,4,28,40,0,0,0,0,0,0,0,0,0,0,0,0,0,0
2015-04-06 18:03:10,D3B,52,2,3,30,29,0,5,44,60,0,0,0,0,0,0,0,0,0,0,0,0,0,0
2015-04-06 18:04:44,D3B,53,2,3,30,29,0,6,57,50,0,0,0,0,0,0,0,0,0,0,0,0,0,0
2015-04-06 18:06:15,D3B,45,2,3,30,29,0,7,60,30,0,0,0,0,0,0,0,0,0,0,0,0,0,0
2015-04-06 18:07:41,D3B,47,2,3,30,29,0,8,50,44,0,0,0,0,0,0,0,0,0,0,0,0,0,0
2015-04-06 18:08:56,D2B,26,2,2,30,24,0,9,33,22,0,0,0,0,0,0,0,0,0,0,0,0,0,0
2015-04-06 18:10:24,D2B,66,2,2,30,24,0,10,75,62,0,0,0,0,0,0,0,0,0,0,0,0,0,0
2015-04-06 18:11:39,D2B,35,2,2,30,24,0,11,33,40,0,0,0,0,0,0,0,0,0,0,0,0,0,0
2015-04-06 18:12:53,D2B,33,2,2,30,24,0,12,25,37,0,0,0,0,0,0,0,0,0,0,0,0,0,0
2015-04-06 18:13:56,D1B,69,2,1,30,21,0,13,80,62,0,0,0,0,0,0,0,0,0,0,0,0,0,0
2015-04-06 18:14:59,D1B,100,2,1,30,21,0,14,100,100,0,0,0,0,0,0,0,0,0,0,0,0,0,0
2015-04-06 18:16:16,D2B,52,2,2,30,24,0,15,62,44,0,0,0,0,0,0,0,0,0,0,0,0,0,0
2015-04-06 18:17:29,D2B,72,2,2,30,24,0,16,100,54,0,0,0,0,0,0,0,0,0,0,0,0,0,0
2015-04-06 18:18:46,D2B,61,2,2,30,24,0,17,66,57,0,0,0,0,0,0,0,0,0,0,0,0,0,0
2015-04-06 18:19:57,D2B,61,2,2,30,24,0,18,50,66,0,0,0,0,0,0,0,0,0,0,0,0,0,0
2015-04-06 18:21:10,D2B,40,2,2,30,24,0,19,33,50,0,0,0,0,0,0,0,0,0,0,0,0,0,0
2015-04-06 18:22:24,D2B,75,2,2,30,24,0,20,75,75,0,0,0,0,0,0,0,0,0,0,0,0,0,0
2015-04-06 18:23:38,D2B,66,2,2,30,24,0,21,60,71,0,0,0,0,0,0,0,0,0,0,0,0,0,0
2015-04-06 18:24:49,D2B,83,2,2,30,24,0,22,90,75,0,0,0,0,0,0,0,0,0,0,0,0,0,0
2015-04-06 18:26:20,D3B,33,2,3,30,29,0,23,36,30,0,0,0,0,0,0,0,0,0,0,0,0,0,0
2015-04-06 18:27:48,D3B,55,2,3,30,29,0,24,60,50,0,0,0,0,0,0,0,0,0,0,0,0,0,0
2015-04-07 13:55:21,D2B,81,2,2,30,24,0,1,100,66,0,0,0,0,0,0,0,0,0,0,0,0,0,0
2015-04-07 13:58:59,D3B,44,2,3,30,29,0,2,37,50,0,0,0,0,0,0,0,0,0,0,0,0,0,0
2015-04-07 14:00:31,D3B,53,2,3,30,29,0,3,66,42,0,0,0,0,0,0,0,0,0,0,0,0,0,0
2015-04-07 14:01:58,D3B,47,2,3,30,29,0,4,57,41,0,0,0,0,0,0,0,0,0,0,0,0,0,0
2015-04-07 14:03:29,D3B,41,2,3,30,29,0,5,66,27,0,0,0,0,0,0,0,0,0,0,0,0,0,0
2015-04-07 14:04:46,D2B,83,2,2,30,24,0,6,75,87,0,0,0,0,0,0,0,0,0,0,0,0,0,0
2015-04-07 14:06:17,D3B,57,2,3,30,29,0,7,100,33,0,0,0,0,0,0,0,0,0,0,0,0,0,0
2015-04-07 14:07:45,D3B,57,2,3,30,29,0,8,50,66,0,0,0,0,0,0,0,0,0,0,0,0,0,0
2015-04-07 14:09:14,D3B,30,2,3,30,29,0,9,25,33,0,0,0,0,0,0,0,0,0,0,0,0,0,0
2015-04-07 14:10:43,D3B,57,2,3,30,29,0,10,66,50,0,0,0,0,0,0,0,0,0,0,0,0,0,0
2015-04-07 14:12:11,D3B,44,2,3,30,29,0,11,25,60,0,0,0,0,0,0,0,0,0,0,0,0,0,0
2015-04-08 15:01:29,D2B,90,2,2,30,24,0,1,100,83,0,0,0,0,0,0,0,0,0,0,0,0,0,0
2015-04-08 15:02:59,D3B,50,2,3,30,29,0,2,75,25,0,0,0,0,0,0,0,0,0,0,0,0,0,0
2015-04-08 15:04:27,D3B,35,2,3,30,29,0,3,50,25,0,0,0,0,0,0,0,0,0,0,0,0,0,0
2015-04-08 15:05:57,D3B,66,2,3,30,29,0,4,66,66,0,0,0,0,0,0,0,0,0,0,0,0,0,0
2015-04-08 15:07:24,D3B,66,2,3,30,29,0,5,81,50,0,0,0,0,0,0,0,0,0,0,0,0,0,0
2015-04-08 15:08:49,D3B,50,2,3,30,29,0,6,50,50,0,0,0,0,0,0,0,0,0,0,0,0,0,0
2015-04-08 15:10:30,D3B,62,2,3,30,29,0,7,80,54,0,0,0,0,0,0,0,0,0,0,0,0,0,0
2015-04-08 15:12:36,D3B,37,2,3,30,29,0,8,50,20,0,0,0,0,0,0,0,0,0,0,0,0,0,0
2015-04-08 15:14:03,D3B,70,2,3,30,29,0,9,75,66,0,0,0,0,0,0,0,0,0,0,0,0,0,0
2015-04-08 15:15:33,D3B,82,2,3,30,29,0,10,88,75,0,0,0,0,0,0,0,0,0,0,0,0,0,0
2015-04-08 15:17:26,D4B,43,2,4,30,36,0,11,44,41,0,0,0,0,0,0,0,0,0,0,0,0,0,0
2015-04-08 15:19:14,D4B,33,2,4,30,36,0,12,22,50,0,0,0,0,0,0,0,0,0,0,0,0,0,0
2015-04-08 15:21:00,D4B,55,2,4,30,36,0,13,66,44,0,0,0,0,0,0,0,0,0,0,0,0,0,0
2015-04-08 15:22:47,D4B,59,2,4,30,36,0,14,85,46,0,0,0,0,0,0,0,0,0,0,0,0,0,0
2015-04-08 15:26:10,D4B,57,2,4,30,36,0,15,57,57,0,0,0,0,0,0,0,0,0,0,0,0,0,0
2015-04-08 15:28:03,D4B,71,2,4,30,36,0,16,85,57,0,0,0,0,0,0,0,0,0,0,0,0,0,0
2015-04-08 15:29:52,D4B,57,2,4,30,36,0,17,54,62,0,0,0,0,0,0,0,0,0,0,0,0,0,0
2015-04-08 15:31:41,D4B,41,2,4,30,36,0,18,75,25,0,0,0,0,0,0,0,0,0,0,0,0,0,0
2015-04-08 15:33:39,D3B,65,2,3,30,29,0,19,55,71,0,0,0,0,0,0,0,0,0,0,0,0,0,0
2015-04-08 15:35:05,D3B,58,2,3,30,29,0,20,60,57,0,0,0,0,0,0,0,0,0,0,0,0,0,0
2015-04-09 12:26:39,D2B,81,2,2,30,24,0,1,100,71,0,0,0,0,0,0,0,0,0,0,0,0,0,0
2015-04-09 12:28:11,D3B,63,2,3,30,29,0,2,80,50,0,0,0,0,0,0,0,0,0,0,0,0,0,0
2015-04-09 12:32:29,D3B,80,2,3,30,29,0,3,75,100,0,0,0,0,0,0,0,0,0,0,0,0,0,0
2015-04-09 12:34:42,D4B,66,2,4,30,36,0,4,55,77,0,0,0,0,0,0,0,0,0,0,0,0,0,0
2015-04-09 12:37:11,D4B,44,2,4,30,36,0,5,45,42,0,0,0,0,0,0,0,0,0,0,0,0,0,0
2015-04-09 12:38:57,D4B,76,2,4,30,36,0,6,87,66,0,0,0,0,0,0,0,0,0,0,0,0,0,0
2015-04-09 12:40:45,D4B,53,2,4,30,36,0,7,66,42,0,0,0,0,0,0,0,0,0,0,0,0,0,0
2015-04-09 12:42:34,D4B,61,2,4,30,36,0,8,60,62,0,0,0,0,0,0,0,0,0,0,0,0,0,0
2015-04-09 12:44:57,D4B,53,2,4,30,36,0,9,71,33,0,0,0,0,0,0,0,0,0,0,0,0,0,0
2015-04-09 12:46:43,D4B,57,2,4,30,36,0,10,100,40,0,0,0,0,0,0,0,0,0,0,0,0,0,0
2015-04-09 12:48:32,D4B,72,2,4,30,36,0,11,100,66,0,0,0,0,0,0,0,0,0,0,0,0,0,0
2015-04-09 12:50:43,D4B,28,2,4,30,36,0,12,14,42,0,0,0,0,0,0,0,0,0,0,0,0,0,0
2015-04-09 12:52:30,D4B,55,2,4,30,36,0,13,57,54,0,0,0,0,0,0,0,0,0,0,0,0,0,0
2015-04-09 12:54:17,D4B,52,2,4,30,36,0,14,77,25,0,0,0,0,0,0,0,0,0,0,0,0,0,0
2015-04-09 12:56:07,D4B,38,2,4,30,36,0,15,50,25,0,0,0,0,0,0,0,0,0,0,0,0,0,0
2015-04-09 12:57:35,D3B,77,2,3,30,29,0,16,100,60,0,0,0,0,0,0,0,0,0,0,0,0,0,0
2015-04-09 12:59:02,D3B,100,2,3,30,29,0,17,100,100,0,0,0,0,0,0,0,0,0,0,0,0,0,0
2015-04-09 13:23:08,D4B,62,2,4,30,36,0,18,55,71,0,0,0,0,0,0,0,0,0,0,0,0,0,0
2015-04-09 13:25:02,D4B,50,2,4,30,36,0,19,41,75,0,0,0,0,0,0,0,0,0,0,0,0,0,0
2015-04-09 13:26:50,D4B,50,2,4,30,36,0,20,50,50,0,0,0,0,0,0,0,0,0,0,0,0,0,0
2015-04-10 18:14:55,D2B,100,2,2,30,24,0,1,100,100,0,0,0,0,0,0,0,0,0,0,0,0,0,0
2015-04-10 18:16:32,D3B,78,2,3,30,29,0,2,100,72,0,0,0,0,0,0,0,0,0,0,0,0,0,0
2015-04-10 18:18:09,D3B,71,2,3,30,29,1,3,80,66,0,0,0,0,0,0,0,0,0,0,0,0,0,0
2015-04-10 18:19:36,D3B,92,2,3,30,29,1,4,85,100,0,0,0,0,0,0,0,0,0,0,0,0,0,0
2015-04-10 18:21:07,D3B,72,2,3,30,29,1,5,100,50,0,0,0,0,0,0,0,0,0,0,0,0,0,0
2015-04-10 18:22:35,D3B,93,2,3,30,29,1,6,88,100,0,0,0,0,0,0,0,0,0,0,0,0,0,0
2015-04-10 18:34:00,D3B,73,2,3,30,29,1,7,90,40,0,0,0,0,0,0,0,0,0,0,0,0,0,0
2015-04-10 18:35:29,D3B,100,2,3,30,29,1,8,100,100,0,0,0,0,0,0,0,0,0,0,0,0,0,0
2015-04-10 18:37:09,D3B,90,2,3,30,29,0,9,100,85,0,0,0,0,0,0,0,0,0,0,0,0,0,0
2015-04-10 18:39:01,D4B,64,2,4,30,36,0,10,62,66,0,0,0,0,0,0,0,0,0,0,0,0,0,0
2015-04-10 18:40:54,D4B,40,2,4,30,36,0,11,50,37,0,0,0,0,0,0,0,0,0,0,0,0,0,0
2015-04-10 18:42:39,D4B,66,2,4,30,36,0,12,50,83,0,0,0,0,0,0,0,0,0,0,0,0,0,0
2015-04-10 18:44:25,D4B,72,2,4,30,36,0,13,60,87,0,0,0,0,0,0,0,0,0,0,0,0,0,0
2015-04-10 18:46:14,D4B,50,2,4,30,36,0,14,66,33,0,0,0,0,0,0,0,0,0,0,0,0,0,0
2015-04-10 18:47:59,D4B,61,2,4,30,36,0,15,80,37,0,0,0,0,0,0,0,0,0,0,0,0,0,0
2015-04-10 18:49:48,D4B,90,2,4,30,36,0,16,100,83,0,0,0,0,0,0,0,0,0,0,0,0,0,0
2015-04-10 18:53:59,D5B,61,2,5,30,45,0,17,75,50,0,0,0,0,0,0,0,0,0,0,0,0,0,0
2015-04-10 18:56:14,D5B,70,2,5,30,45,0,18,83,58,0,0,0,0,0,0,0,0,0,0,0,0,0,0
2015-04-10 19:04:16,D5B,48,2,5,30,45,0,19,41,62,0,0,0,0,0,0,0,0,0,0,0,0,0,0
2015-04-10 19:06:30,D5B,50,2,5,30,45,0,20,54,40,0,0,0,0,0,0,0,0,0,0,0,0,0,0
2015-04-11 20:27:10,D2B,100,2,2,30,24,0,1,100,100,0,0,0,0,0,0,0,0,0,0,0,0,0,0
2015-04-11 20:29:09,D3B,73,2,3,30,29,0,2,83,66,0,0,0,0,0,0,0,0,0,0,0,0,0,0
2015-04-11 20:30:38,D3B,85,2,3,30,29,0,3,100,72,0,0,0,0,0,0,0,0,0,0,0,0,0,0
2015-04-11 20:32:39,D4B,63,2,4,30,36,0,4,37,81,0,0,0,0,0,0,0,0,0,0,0,0,0,0
2015-04-11 20:34:50,D4B,40,2,4,30,36,0,5,16,75,0,0,0,0,0,0,0,0,0,0,0,0,0,0
2015-04-11 20:36:35,D4B,53,2,4,30,36,0,6,44,75,0,0,0,0,0,0,0,0,0,0,0,0,0,0
2015-04-11 20:38:22,D4B,60,2,4,30,36,0,7,50,66,0,0,0,0,0,0,0,0,0,0,0,0,0,0
2015-04-11 20:40:28,D4B,78,2,4,30,36,0,8,80,77,0,0,0,0,0,0,0,0,0,0,0,0,0,0
2015-04-11 20:43:14,D4B,53,2,4,30,36,0,9,50,55,0,0,0,0,0,0,0,0,0,0,0,0,0,0
2015-04-11 20:45:00,D4B,64,2,4,30,36,0,10,66,63,0,0,0,0,0,0,0,0,0,0,0,0,0,0
2015-04-11 20:46:53,D4B,43,2,4,30,36,0,11,45,40,0,0,0,0,0,0,0,0,0,0,0,0,0,0
2015-04-11 20:48:38,D4B,66,2,4,30,36,0,12,100,50,0,0,0,0,0,0,0,0,0,0,0,0,0,0
2015-04-11 20:50:28,D4B,52,2,4,30,36,0,13,66,40,0,0,0,0,0,0,0,0,0,0,0,0,0,0
2015-04-11 20:52:20,D4B,57,2,4,30,36,0,14,40,77,0,0,0,0,0,0,0,0,0,0,0,0,0,0
2015-04-11 21:06:10,D4B,62,2,4,30,36,0,15,40,72,0,0,0,0,0,0,0,0,0,0,0,0,0,0
2015-04-11 21:07:56,D4B,68,2,4,30,36,0,16,70,66,0,0,0,0,0,0,0,0,0,0,0,0,0,0
2015-04-11 21:09:45,D4B,69,2,4,30,36,0,17,83,57,0,0,0,0,0,0,0,0,0,0,0,0,0,0
2015-04-11 21:11:32,D4B,61,2,4,30,36,0,18,83,50,0,0,0,0,0,0,0,0,0,0,0,0,0,0
2015-04-11 21:13:18,D4B,69,2,4,30,36,0,19,80,62,0,0,0,0,0,0,0,0,0,0,0,0,0,0
2015-04-11 21:16:49,D4B,75,2,4,30,36,0,20,75,75,0,0,0,0,0,0,0,0,0,0,0,0,0,0
2015-04-12 22:27:37,D2B,57,2,2,30,24,0,1,60,55,0,0,0,0,0,0,0,0,0,0,0,0,0,0
2015-04-14 13:46:35,D2B,71,2,2,30,24,0,1,75,66,0,0,0,0,0,0,0,0,0,0,0,0,0,0
2015-04-14 13:47:50,D2B,100,2,2,30,24,0,2,100,0,0,0,0,0,0,0,0,0,0,0,0,0,0,0
2015-04-14 13:49:48,D3B,55,2,3,30,29,0,3,40,75,0,0,0,0,0,0,0,0,0,0,0,0,0,0
2015-04-14 13:51:15,D3B,92,2,3,30,29,0,4,100,85,0,0,0,0,0,0,0,0,0,0,0,0,0,0
2015-04-14 13:53:05,D4B,69,2,4,30,36,0,5,50,77,0,0,0,0,0,0,0,0,0,0,0,0,0,0
2015-04-14 14:05:36,D4B,60,2,4,30,36,0,6,60,60,0,0,0,0,0,0,0,0,0,0,0,0,0,0
2015-04-14 14:07:24,D4B,65,2,4,30,36,0,7,55,71,0,0,0,0,0,0,0,0,0,0,0,0,0,0
2015-04-14 14:09:13,D4B,66,2,4,30,36,0,8,80,50,0,0,0,0,0,0,0,0,0,0,0,0,0,0
2015-04-14 14:11:04,D4B,63,2,4,30,36,0,9,50,77,0,0,0,0,0,0,0,0,0,0,0,0,0,0
2015-04-14 14:13:10,D4B,40,2,4,30,36,0,10,28,50,0,0,0,0,0,0,0,0,0,0,0,0,0,0
2015-04-14 14:14:56,D4B,35,2,4,30,36,0,11,50,25,0,0,0,0,0,0,0,0,0,0,0,0,0,0
2015-04-14 14:16:50,D4B,56,2,4,30,36,0,12,50,60,0,0,0,0,0,0,0,0,0,0,0,0,0,0
2015-04-14 14:18:36,D4B,70,2,4,30,36,0,13,75,66,0,0,0,0,0,0,0,0,0,0,0,0,0,0
2015-04-14 14:30:31,D4B,38,2,4,30,36,0,14,33,41,0,0,0,0,0,0,0,0,0,0,0,0,0,0
2015-04-14 14:32:01,D3B,23,2,3,30,29,0,15,10,36,0,0,0,0,0,0,0,0,0,0,0,0,0,0
2015-04-14 14:33:36,D3B,75,2,3,30,29,0,16,83,66,0,0,0,0,0,0,0,0,0,0,0,0,0,0
2015-04-14 14:35:02,D3B,66,2,3,30,29,0,17,75,60,0,0,0,0,0,0,0,0,0,0,0,0,0,0
2015-04-14 14:36:28,D3B,100,2,3,30,29,0,18,100,100,0,0,0,0,0,0,0,0,0,0,0,0,0,0
2015-04-14 14:38:32,D4B,72,2,4,30,36,0,19,70,75,0,0,0,0,0,0,0,0,0,0,0,0,0,0
2015-04-14 14:40:20,D4B,69,2,4,30,36,0,20,72,66,0,0,0,0,0,0,0,0,0,0,0,0,0,0
2015-04-14 16:26:20,D4B,50,2,4,30,36,0,21,38,66,0,0,0,0,0,0,0,0,0,0,0,0,0,0
2015-04-15 23:41:21,D2B,88,2,2,30,24,0,1,100,80,0,0,0,0,0,0,0,0,0,0,0,0,0,0
2015-04-15 23:42:49,D3B,75,2,3,30,29,0,2,75,75,0,0,0,0,0,0,0,0,0,0,0,0,0,0
2015-04-15 23:44:20,D3B,90,2,3,30,29,0,3,100,80,0,0,0,0,0,0,0,0,0,0,0,0,0,0
2015-04-15 23:46:14,D4B,76,2,4,30,36,0,4,80,72,0,0,0,0,0,0,0,0,0,0,0,0,0,0
2015-04-15 23:48:03,D4B,76,2,4,30,36,0,5,83,72,0,0,0,0,0,0,0,0,0,0,0,0,0,0
2015-04-15 23:49:55,D4B,77,2,4,30,36,0,6,76,77,0,0,0,0,0,0,0,0,0,0,0,0,0,0
2015-04-15 23:51:57,D4B,47,2,4,30,36,0,7,30,66,0,0,0,0,0,0,0,0,0,0,0,0,0,0
2015-04-15 23:53:46,D4B,50,2,4,30,36,0,8,20,71,0,0,0,0,0,0,0,0,0,0,0,0,0,0
2015-04-15 23:55:33,D4B,50,2,4,30,36,0,9,83,30,0,0,0,0,0,0,0,0,0,0,0,0,0,0
2015-04-16 00:00:24,D4B,66,2,4,30,36,0,10,100,44,0,0,0,0,0,0,0,0,0,0,0,0,0,0
2015-04-16 00:02:11,D4B,60,2,4,30,36,0,11,60,60,0,0,0,0,0,0,0,0,0,0,0,0,0,0
2015-04-16 00:04:00,D4B,88,2,4,30,36,0,12,88,87,0,0,0,0,0,0,0,0,0,0,0,0,0,0
2015-04-16 00:06:19,D5B,71,2,5,30,45,0,13,75,66,0,0,0,0,0,0,0,0,0,0,0,0,0,0
2015-04-16 00:08:43,D5B,52,2,5,30,45,0,14,50,53,0,0,0,0,0,0,0,0,0,0,0,0,0,0
2015-04-16 00:10:57,D5B,53,2,5,30,45,0,15,63,47,0,0,0,0,0,0,0,0,0,0,0,0,0,0
2015-04-16 00:13:11,D5B,40,2,5,30,45,0,16,44,36,0,0,0,0,0,0,0,0,0,0,0,0,0,0
2015-04-16 00:16:43,D5B,41,2,5,30,45,0,17,69,18,0,0,0,0,0,0,0,0,0,0,0,0,0,0
2015-04-16 00:19:00,D5B,48,2,5,30,45,0,18,53,43,0,0,0,0,0,0,0,0,0,0,0,0,0,0
2015-04-16 00:20:48,D4B,54,2,4,30,36,0,19,90,18,0,0,0,0,0,0,0,0,0,0,0,0,0,0
2015-04-16 00:22:34,D4B,50,2,4,30,36,0,20,55,45,0,0,0,0,0,0,0,0,0,0,0,0,0,0
2015-04-16 12:35:23,D2B,100,2,2,30,24,0,1,100,100,0,0,0,0,0,0,0,0,0,0,0,0,0,0
2015-04-16 12:37:07,D3B,76,2,3,30,29,0,2,100,50,0,0,0,0,0,0,0,0,0,0,0,0,0,0
2015-04-16 13:27:30,D3B,90,2,3,30,29,0,3,100,83,0,0,0,0,0,0,0,0,0,0,0,0,0,0
2015-04-16 18:28:35,D3B,80,2,3,30,36,1,4,100,66,0,0,0,0,0,0,0,0,0,0,0,0,0,0
2015-04-16 18:30:40,D3B,50,2,3,30,36,0,5,80,20,0,0,0,0,0,0,0,0,0,0,0,0,0,0
2015-04-16 18:32:44,D3B,87,2,3,30,36,0,6,100,71,0,0,0,0,0,0,0,0,0,0,0,0,0,0
2015-04-16 18:34:32,D4B,82,2,4,30,36,0,7,75,88,0,0,0,0,0,0,0,0,0,0,0,0,0,0
2015-04-16 18:37:06,D5B,30,2,5,30,45,0,8,30,30,0,0,0,0,0,0,0,0,0,0,0,0,0,0
2015-04-16 18:39:31,D5B,43,2,5,30,45,0,9,41,45,0,0,0,0,0,0,0,0,0,0,0,0,0,0
2015-04-16 18:42:04,D5B,47,2,5,30,45,0,10,57,40,0,0,0,0,0,0,0,0,0,0,0,0,0,0
2015-04-16 18:43:54,D4B,63,2,4,30,36,0,11,72,54,0,0,0,0,0,0,0,0,0,0,0,0,0,0
2015-04-16 18:45:40,D4B,83,2,4,30,36,0,12,100,75,0,0,0,0,0,0,0,0,0,0,0,0,0,0
2015-04-16 18:47:55,D5B,50,2,5,30,45,0,13,61,36,0,0,0,0,0,0,0,0,0,0,0,0,0,0
2015-04-16 18:50:14,D5B,34,2,5,30,45,0,14,46,20,0,0,0,0,0,0,0,0,0,0,0,0,0,0
2015-04-16 18:52:32,D5B,41,2,5,30,45,0,15,41,41,0,0,0,0,0,0,0,0,0,0,0,0,0,0
2015-04-16 18:54:48,D5B,51,2,5,30,45,0,16,53,50,0,0,0,0,0,0,0,0,0,0,0,0,0,0
2015-04-16 18:57:09,D5B,53,2,5,30,45,0,17,54,52,0,0,0,0,0,0,0,0,0,0,0,0,0,0
2015-04-16 18:59:38,D5B,50,2,5,30,45,0,18,50,50,0,0,0,0,0,0,0,0,0,0,0,0,0,0
2015-04-16 19:01:55,D5B,54,2,5,30,45,0,19,63,46,0,0,0,0,0,0,0,0,0,0,0,0,0,0
2015-04-16 19:04:07,D5B,63,2,5,30,45,0,20,58,71,0,0,0,0,0,0,0,0,0,0,0,0,0,0
2015-04-17 23:32:16,D2B,66,2,2,30,24,0,1,75,60,0,0,0,0,0,0,0,0,0,0,0,0,0,0
2015-04-17 23:33:28,D2B,100,2,2,30,24,0,2,100,100,0,0,0,0,0,0,0,0,0,0,0,0,0,0
2015-04-17 23:34:55,D3B,92,2,3,30,29,0,3,87,100,0,0,0,0,0,0,0,0,0,0,0,0,0,0
2015-04-17 23:36:49,D4B,70,2,4,30,36,0,4,88,54,0,0,0,0,0,0,0,0,0,0,0,0,0,0
2015-04-17 23:38:35,D4B,73,2,4,30,36,0,5,61,90,0,0,0,0,0,0,0,0,0,0,0,0,0,0
2015-04-17 23:40:22,D4B,53,2,4,30,36,0,6,33,66,0,0,0,0,0,0,0,0,0,0,0,0,0,0
2015-04-17 23:42:14,D4B,47,2,4,30,36,0,7,44,50,0,0,0,0,0,0,0,0,0,0,0,0,0,0
2015-04-17 23:46:38,D4B,64,2,4,30,36,0,8,85,50,0,0,0,0,0,0,0,0,0,0,0,0,0,0
2015-04-17 23:48:30,D4B,62,2,4,30,36,0,9,75,50,0,0,0,0,0,0,0,0,0,0,0,0,0,0
2015-04-17 23:50:20,D4B,50,2,4,30,36,0,10,62,41,0,0,0,0,0,0,0,0,0,0,0,0,0,0
2015-04-17 23:52:08,D4B,52,2,4,30,36,0,11,55,50,0,0,0,0,0,0,0,0,0,0,0,0,0,0
2015-04-17 23:54:00,D4B,45,2,4,30,36,0,12,80,16,0,0,0,0,0,0,0,0,0,0,0,0,0,0
2015-04-17 23:55:52,D4B,92,2,4,30,36,0,13,100,87,0,0,0,0,0,0,0,0,0,0,0,0,0,0
2015-04-17 23:58:13,D5B,22,2,5,30,45,0,14,16,30,0,0,0,0,0,0,0,0,0,0,0,0,0,0
2015-04-18 00:00:26,D5B,54,2,5,30,45,0,15,50,58,0,0,0,0,0,0,0,0,0,0,0,0,0,0
2015-04-18 00:02:45,D5B,55,2,5,30,45,0,16,50,66,0,0,0,0,0,0,0,0,0,0,0,0,0,0
2015-04-18 00:07:00,D5B,34,2,5,30,45,0,17,30,38,0,0,0,0,0,0,0,0,0,0,0,0,0,0
2015-04-18 00:09:12,D5B,61,2,5,30,45,0,18,60,62,0,0,0,0,0,0,0,0,0,0,0,0,0,0
2015-04-18 00:11:33,D5B,63,2,5,30,45,0,19,66,61,0,0,0,0,0,0,0,0,0,0,0,0,0,0
2015-04-18 00:13:50,D5B,44,2,5,30,45,0,20,60,25,0,0,0,0,0,0,0,0,0,0,0,0,0,0
2015-04-19 00:24:26,D2B,80,2,2,30,24,0,1,100,60,0,0,0,0,0,0,0,0,0,0,0,0,0,0
2015-04-19 00:25:52,D3B,78,2,3,30,29,0,2,77,80,0,0,0,0,0,0,0,0,0,0,0,0,0,0
2015-04-19 00:27:26,D3B,100,2,3,30,29,0,3,100,100,0,0,0,0,0,0,0,0,0,0,0,0,0,0
2015-04-19 00:29:19,D4B,80,2,4,30,36,0,4,90,72,0,0,0,0,0,0,0,0,0,0,0,0,0,0
2015-04-19 00:31:38,D5B,51,2,5,30,45,0,5,41,60,0,0,0,0,0,0,0,0,0,0,0,0,0,0
2015-04-19 00:33:53,D5B,34,2,5,30,45,0,6,30,37,0,0,0,0,0,0,0,0,0,0,0,0,0,0
2015-04-19 00:36:09,D5B,50,2,5,30,45,0,7,56,37,0,0,0,0,0,0,0,0,0,0,0,0,0,0
2015-04-19 00:38:37,D5B,38,2,5,30,45,0,8,50,27,0,0,0,0,0,0,0,0,0,0,0,0,0,0
2015-04-19 00:40:54,D5B,78,2,5,30,45,0,9,100,62,0,0,0,0,0,0,0,0,0,0,0,0,0,0
2015-04-19 00:43:27,D5B,41,2,5,30,45,0,10,44,38,0,0,0,0,0,0,0,0,0,0,0,0,0,0
2015-04-19 00:46:03,D4B,58,2,4,30,36,0,11,50,66,0,0,0,0,0,0,0,0,0,0,0,0,0,0
2015-04-19 00:47:49,D4B,84,2,4,30,36,0,12,88,75,0,0,0,0,0,0,0,0,0,0,0,0,0,0
2015-04-19 00:56:49,D5B,42,2,5,30,45,0,13,60,33,0,0,0,0,0,0,0,0,0,0,0,0,0,0
2015-04-19 00:59:06,D5B,47,2,5,30,45,0,14,42,50,0,0,0,0,0,0,0,0,0,0,0,0,0,0
2015-04-19 01:01:20,D5B,56,2,5,30,45,0,15,68,38,0,0,0,0,0,0,0,0,0,0,0,0,0,0
2015-04-19 01:03:34,D5B,42,2,5,30,45,0,16,53,25,0,0,0,0,0,0,0,0,0,0,0,0,0,0
2015-04-19 01:05:25,D4B,57,2,4,30,36,0,17,57,57,0,0,0,0,0,0,0,0,0,0,0,0,0,0
2015-04-19 01:07:21,D4B,76,2,4,30,36,0,18,87,66,0,0,0,0,0,0,0,0,0,0,0,0,0,0
2015-04-19 01:09:07,D4B,57,2,4,30,36,0,19,77,41,0,0,0,0,0,0,0,0,0,0,0,0,0,0
2015-04-19 01:10:52,D4B,66,2,4,30,36,0,20,37,100,0,0,0,0,0,0,0,0,0,0,0,0,0,0
2015-04-19 14:30:08,D2B,92,2,2,30,24,0,1,100,80,0,0,0,0,0,0,0,0,0,0,0,0,0,0
2015-04-19 14:31:36,D3B,87,2,3,30,29,0,2,100,83,0,0,0,0,0,0,0,0,0,0,0,0,0,0
2015-04-19 14:33:30,D4B,92,2,4,30,36,0,3,100,85,0,0,0,0,0,0,0,0,0,0,0,0,0,0
2015-04-19 14:35:48,D5B,37,2,5,30,45,0,4,20,45,0,0,0,0,0,0,0,0,0,0,0,0,0,0
2015-04-19 14:38:03,D5B,40,2,5,30,45,0,5,40,40,0,0,0,0,0,0,0,0,0,0,0,0,0,0
2015-04-19 14:40:23,D5B,61,2,5,30,45,0,6,85,33,0,0,0,0,0,0,0,0,0,0,0,0,0,0
2015-04-19 14:43:03,D5B,62,2,5,30,45,0,7,66,55,0,0,0,0,0,0,0,0,0,0,0,0,0,0
2015-04-19 14:45:23,D5B,52,2,5,30,45,0,8,46,60,0,0,0,0,0,0,0,0,0,0,0,0,0,0
2015-04-19 14:47:41,D5B,52,2,5,30,45,0,9,50,53,0,0,0,0,0,0,0,0,0,0,0,0,0,0
2015-04-19 14:49:57,D5B,55,2,5,30,45,0,10,71,45,0,0,0,0,0,0,0,0,0,0,0,0,0,0
2015-04-19 14:52:09,D5B,58,2,5,30,45,0,11,62,55,0,0,0,0,0,0,0,0,0,0,0,0,0,0
2015-04-19 14:54:36,D5B,47,2,5,30,45,0,12,62,38,0,0,0,0,0,0,0,0,0,0,0,0,0,0
2015-04-19 17:04:07,D4B,69,2,4,30,36,0,13,66,71,0,0,0,0,0,0,0,0,0,0,0,0,0,0
2015-04-19 17:05:58,D4B,76,2,4,30,36,0,14,60,87,0,0,0,0,0,0,0,0,0,0,0,0,0,0
2015-04-19 17:07:58,D4B,69,2,4,30,36,0,15,100,20,0,0,0,0,0,0,0,0,0,0,0,0,0,0
2015-04-19 17:09:51,D4B,93,2,4,30,36,0,16,90,100,0,0,0,0,0,0,0,0,0,0,0,0,0,0
2015-04-19 17:12:12,D5B,47,2,5,30,45,0,17,40,50,0,0,0,0,0,0,0,0,0,0,0,0,0,0
2015-04-19 17:14:32,D5B,42,2,5,30,45,0,18,20,50,0,0,0,0,0,0,0,0,0,0,0,0,0,0
2015-04-19 17:18:06,D5B,72,2,5,30,45,0,19,58,90,0,0,0,0,0,0,0,0,0,0,0,0,0,0
2015-04-19 17:20:47,D5B,29,2,5,30,45,0,20,28,30,0,0,0,0,0,0,0,0,0,0,0,0,0,0
2015-04-20 15:15:43,D2B,87,2,2,30,24,0,1,83,100,0,0,0,0,0,0,0,0,0,0,0,0,0,0
2015-04-20 15:17:13,D3B,92,2,3,30,29,0,2,100,87,0,0,0,0,0,0,0,0,0,0,0,0,0,0
2015-04-20 15:19:11,D4B,73,2,4,30,36,0,3,85,62,0,0,0,0,0,0,0,0,0,0,0,0,0,0
2015-04-20 15:21:01,D4B,72,2,4,30,36,0,4,80,57,0,0,0,0,0,0,0,0,0,0,0,0,0,0
2015-04-20 15:22:47,D4B,55,2,4,30,36,0,5,63,42,0,0,0,0,0,0,0,0,0,0,0,0,0,0
2015-04-20 15:24:47,D4B,66,2,4,30,36,0,6,71,60,0,0,0,0,0,0,0,0,0,0,0,0,0,0
2015-04-20 15:26:36,D4B,50,2,4,30,36,0,7,50,50,0,0,0,0,0,0,0,0,0,0,0,0,0,0
2015-04-20 15:28:43,D4B,81,2,4,30,36,0,8,75,83,0,0,0,0,0,0,0,0,0,0,0,0,0,0
2015-04-20 15:31:13,D5B,50,2,5,30,45,0,9,50,50,0,0,0,0,0,0,0,0,0,0,0,0,0,0
2015-04-20 15:37:11,D5B,66,2,5,30,45,0,10,60,72,0,0,0,0,0,0,0,0,0,0,0,0,0,0
2015-04-20 15:39:31,D5B,50,2,5,30,45,0,11,61,33,0,0,0,0,0,0,0,0,0,0,0,0,0,0
2015-04-20 15:41:51,D5B,32,2,5,30,45,0,12,30,33,0,0,0,0,0,0,0,0,0,0,0,0,0,0
